*
GAUSS 3 S1 1000000
77847	123317	77847
123317	195346	123317
77847	123317	77847
*
GAUSS 5 S1 1000000
3765	15019	23792	15019	3765
15019	59912	94907	59912	15019
23792	94907	150342	94907	23792
15019	59912	94907	59912	15019
3765	15019	23792	15019	3765
*
GAUSS 7 S1 1000000
36	363	1446	2291	1446	363	36
363	3676	14662	23226	14662	3676	363
1446	14662	58488	92651	58488	14662	1446
2291	23226	92651	146768	92651	23226	2291
1446	14662	58488	92651	58488	14662	1446
363	3676	14662	23226	14662	3676	363
36	363	1446	2291	1446	363	36
*
GAUSS 9 S1 1000000
0	1	14	55	88	55	14	1	0
1	36	362 1445    2289	1445	362	36	1
14	362	3672	14648	23205	14648	3672	362	14
55	1445	14648	58434	92566	58434	14648	1445	55
88	2289	23205	92566	146634	92566	23205	2289	88
55	1445	14648	58434	92566	58434	14648	1445	55
14	362	3672	14648	23205	14648	3672	362	14
1	36	362	1445	2289	1445	362	36	1
0	1	14	55	88	55	14	1	0
*
GAUSS 11 S1 1000000
0	0	0	0	1	1	1	0	0	0	0
0	0	1	14	55	88	55	14	1	0	0
0	1	36	362	1445	2289	1445	362	36	1	0
0	14	362	3672	14648	23204	14648	3672	362	14	0
1	55	1445	14648	58433	92564	58433	14648	1445	55	1
1	88	2289	23204	92564	146632	92564	23204	2289	88	1
1	55	1445	14648	58433	92564	58433	14648	1445	55	1
0	14	362	3672	14648	23204	14648	3672	362	14	0
0	1	36	362	1445	2289	1445	362	36	1	0
0	0	1	14	55	88	55	14	1	0	0
0	0	0	0	1	1	1	0	0	0	0
*
RAYLEIGH 3 S1 1000000
0	0	0
0	367879	164169
0	164169	73262
*
RAYLEIGH 5 S1 1000000
0   0   0   0   0
0   367879  164169  20213   813
0   164169  73262   9020    363
0   20213   9020    1110    44
0   813 363 44  1
*
AVERAGE 3 S1 9
1   1   1
1   1   1
1   1   1
*
AVERAGE 5 S1 25
1   1   1   1   1
1   1   1   1   1
1   1   1   1   1
1   1   1   1   1
1   1   1   1   1
*
AVERAGE 7 S1 49
1   1   1   1   1   1   1
1   1   1   1   1   1   1
1   1   1   1   1   1   1
1   1   1   1   1   1   1
1   1   1   1   1   1   1
1   1   1   1   1   1   1
1   1   1   1   1   1   1
*
MEDIAN 3 S1 1
00
